# interact = 1 wr = 1
# N = 200 pmax = 5 conv = 0.001
# lambda_2 = 11.8172

0   0
0.025   0.0064914
0.05   0.0130971
0.075   0.0197699
0.1   0.0264614
0.125   0.0331231
0.15   0.0397061
0.175   0.0461618
0.2   0.0524423
0.225   0.0585007
0.25   0.0642914
0.275   0.0697705
0.3   0.0748961
0.325   0.0796288
0.35   0.0839318
0.375   0.0877712
0.4   0.0911163
0.425   0.0939399
0.45   0.0962184
0.475   0.0979321
0.5   0.0990651
0.525   0.0996058
0.55   0.0995466
0.575   0.0988841
0.6   0.0976192
0.625   0.0957569
0.65   0.0933065
0.675   0.0902813
0.7   0.0866987
0.725   0.0825797
0.75   0.077949
0.775   0.0728351
0.8   0.0672692
0.825   0.061286
0.85   0.0549226
0.875   0.0482188
0.9   0.0412163
0.925   0.0339589
0.95   0.0264918
0.975   0.0188614
1   0.011115
1.025   0.00330042
1.05   -0.00453439
1.075   -0.0123415
1.1   -0.0200736
1.125   -0.0276839
1.15   -0.0351271
1.175   -0.0423589
1.2   -0.049337
1.225   -0.0560208
1.25   -0.0623719
1.275   -0.0683545
1.3   -0.0739351
1.325   -0.0790834
1.35   -0.0837716
1.375   -0.0879753
1.4   -0.0916732
1.425   -0.0948473
1.45   -0.0974828
1.475   -0.0995684
1.5   -0.101096
1.525   -0.102062
1.55   -0.102464
1.575   -0.102304
1.6   -0.101588
1.625   -0.100323
1.65   -0.0985223
1.675   -0.0961985
1.7   -0.0933688
1.725   -0.0900525
1.75   -0.0862712
1.775   -0.0820486
1.8   -0.0774106
1.825   -0.0723844
1.85   -0.0669991
1.875   -0.061285
1.9   -0.0552732
1.925   -0.0489962
1.95   -0.0424866
1.975   -0.0357778
2   -0.0289033
2.025   -0.0218966
2.05   -0.0147911
2.075   -0.00761966
2.1   -0.000414746
2.125   0.00679198
2.15   0.0139697
2.175   0.0210887
2.2   0.0281203
2.225   0.0350373
2.25   0.0418138
2.275   0.0484254
2.3   0.0548492
2.325   0.0610643
2.35   0.067051
2.375   0.0727917
2.4   0.0782706
2.425   0.0834735
2.45   0.0883882
2.475   0.0930042
2.5   0.0973129
2.525   0.101307
2.55   0.104982
2.575   0.108334
2.6   0.111361
2.625   0.114063
2.65   0.116441
2.675   0.118497
2.7   0.120236
2.725   0.121662
2.75   0.122782
2.775   0.123604
2.8   0.124135
2.825   0.124386
2.85   0.124366
2.875   0.124086
2.9   0.123557
2.925   0.122793
2.95   0.121803
2.975   0.120603
3   0.119205
3.025   0.117621
3.05   0.115866
3.075   0.113952
3.1   0.111893
3.125   0.109703
3.15   0.107393
3.175   0.104978
3.2   0.10247
3.225   0.0998808
3.25   0.0972223
3.275   0.0945064
3.3   0.091744
3.325   0.0889458
3.35   0.086122
3.375   0.0832823
3.4   0.0804357
3.425   0.077591
3.45   0.0747562
3.475   0.0719389
3.5   0.0691462
3.525   0.0663845
3.55   0.0636599
3.575   0.0609777
3.6   0.0583429
3.625   0.0557598
3.65   0.0532326
3.675   0.0507644
3.7   0.0483585
3.725   0.0460174
3.75   0.0437432
3.775   0.0415377
3.8   0.0394022
3.825   0.0373378
3.85   0.0353451
3.875   0.0334246
3.9   0.0315763
3.925   0.0298
3.95   0.0280952
3.975   0.0264614
4   0.0248977
4.025   0.0234029
4.05   0.021976
4.075   0.0206153
4.1   0.0193196
4.125   0.0180871
4.15   0.0169162
4.175   0.0158049
4.2   0.0147515
4.225   0.013754
4.25   0.0128103
4.275   0.0119186
4.3   0.0110766
4.325   0.0102825
4.35   0.00953414
4.375   0.0088295
4.4   0.00816653
4.425   0.00754321
4.45   0.00695755
4.475   0.00640757
4.5   0.00589136
4.525   0.00540703
4.55   0.00495269
4.575   0.00452654
4.6   0.00412678
4.625   0.00375169
4.65   0.00339952
4.675   0.00306863
4.7   0.0027574
4.725   0.00246424
4.75   0.00218761
4.775   0.00192597
4.8   0.00167781
4.825   0.00144162
4.85   0.00121593
4.875   0.000999283
4.9   0.000790202
4.925   0.000587217
4.95   0.000388863
4.975   0.000193636
5   0
