# 0.349995

0.1   0.000955816
0.2   0.00200404
0.3   0.00314535
0.4   0.00438031
0.5   0.00570994
0.6   0.00713406
0.7   0.00865189
0.8   0.0102633
0.9   0.0119678
1   0.0137636
1.1   0.0156495
1.2   0.0176236
1.3   0.0196839
1.4   0.0218273
1.5   0.0240512
1.6   0.0263525
1.7   0.0287282
1.8   0.0311743
1.9   0.0336873
2   0.0362632
2.1   0.0388967
2.2   0.0415833
2.3   0.0443184
2.4   0.0470972
2.5   0.049914
2.6   0.0527637
2.7   0.0556406
2.8   0.0585389
2.9   0.0614528
3   0.0643762
3.1   0.067304
3.2   0.0702297
3.3   0.0731473
3.4   0.0760506
3.5   0.0789332
3.6   0.081789
3.7   0.0846124
3.8   0.0873976
3.9   0.0901386
4   0.0928298
4.1   0.0954651
4.2   0.0980398
4.3   0.100548
4.4   0.102984
4.5   0.105344
4.6   0.107623
4.7   0.109815
4.8   0.111918
4.9   0.113925
5   0.115836
5.1   0.117645
5.2   0.119349
5.3   0.120946
5.4   0.122433
5.5   0.123808
5.6   0.125068
5.7   0.126211
5.8   0.127237
5.9   0.128143
6   0.12893
6.1   0.129596
6.2   0.130143
6.3   0.130569
6.4   0.130875
6.5   0.131061
6.6   0.131128
6.7   0.131078
6.8   0.130912
6.9   0.130632
7   0.130239
7.1   0.129735
7.2   0.129123
7.3   0.128407
7.4   0.127588
7.5   0.12667
7.6   0.125655
7.7   0.124547
7.8   0.123349
7.9   0.122065
8   0.120698
8.1   0.119253
8.2   0.117734
8.3   0.116145
8.4   0.114488
8.5   0.112769
8.6   0.110991
8.7   0.109159
8.8   0.107278
8.9   0.10535
9   0.10338
9.1   0.101373
9.2   0.0993315
9.3   0.0972609
9.4   0.0951648
9.5   0.093047
9.6   0.0909112
9.7   0.0887617
9.8   0.0866019
9.9   0.0844352
10   0.0822645
10.1   0.080094
10.2   0.077927
10.3   0.0757664
10.4   0.0736157
10.5   0.0714775
10.6   0.0693538
10.7   0.0672475
10.8   0.0651615
10.9   0.0630979
11   0.0610592
11.1   0.0590475
11.2   0.0570642
11.3   0.0551109
11.4   0.0531895
11.5   0.0513014
11.6   0.0494486
11.7   0.0476313
11.8   0.0458517
11.9   0.0441101
12   0.0424072
12.1   0.0407441
12.2   0.0391212
12.3   0.0375395
12.4   0.035999
12.5   0.0345003
12.6   0.0330428
12.7   0.0316273
12.8   0.0302533
12.9   0.0289213
13   0.0276308
13.1   0.0263817
13.2   0.0251734
13.3   0.0240056
13.4   0.0228784
13.5   0.0217908
13.6   0.020742
13.7   0.0197317
13.8   0.0187588
13.9   0.0178232
14   0.0169241
14.1   0.0160608
14.2   0.015232
14.3   0.014437
14.4   0.0136753
14.5   0.0129461
14.6   0.0122483
14.7   0.0115806
14.8   0.0109427
14.9   0.0103336
15   0.00975228
15.1   0.00919843
15.2   0.00867073
15.3   0.00816859
15.4   0.00769053
15.5   0.00723613
15.6   0.00680414
15.7   0.00639367
15.8   0.00600418
15.9   0.00563537
16   0.00528578
16.1   0.00495439
16.2   0.00464021
16.3   0.00434359
16.4   0.00406301
16.5   0.00379787
16.6   0.00354754
16.7   0.0033113
16.8   0.00308751
16.9   0.00287656
17   0.00267797
17.1   0.00249093
17.2   0.00231509
17.3   0.00215021
17.4   0.00199483
17.5   0.00184851
17.6   0.00171105
17.7   0.00158242
17.8   0.00146093
17.9   0.00134715
18   0.00124048
18.1   0.00114039
18.2   0.00104667
18.3   0.000958825
18.4   0.000876474
18.5   0.000799133
18.6   0.000726455
18.7   0.00065776
18.8   0.000592875
18.9   0.000531039
19   0.000472548
19.1   0.000417438
19.2   0.000364828
19.3   0.000314305
19.4   0.000265722
19.5   0.000219459
19.6   0.000174529
19.7   0.000130185
19.8   8.63985e-05
19.9   4.32833e-05
20   0
