# 56.8328

0   0
0.015   0.0114594
0.03   0.0229442
0.045   0.0343077
0.06   0.0454045
0.075   0.0560919
0.09   0.0662321
0.105   0.0756939
0.12   0.0843547
0.135   0.0921018
0.15   0.0988341
0.165   0.104463
0.18   0.108915
0.195   0.11213
0.21   0.114065
0.225   0.114692
0.24   0.113999
0.255   0.111992
0.27   0.108693
0.285   0.10414
0.3   0.0983843
0.315   0.0914942
0.33   0.0835507
0.345   0.0746468
0.36   0.0648871
0.375   0.0543856
0.39   0.0432642
0.405   0.0316516
0.42   0.019681
0.435   0.00748876
0.45   -0.00478736
0.465   -0.0170101
0.48   -0.0290443
0.495   -0.0407583
0.51   -0.0520258
0.525   -0.0627271
0.54   -0.0727504
0.555   -0.0819931
0.57   -0.0903626
0.585   -0.0977774
0.6   -0.104168
0.615   -0.109476
0.63   -0.113657
0.645   -0.11668
0.66   -0.118524
0.675   -0.119183
0.69   -0.118663
0.705   -0.116983
0.72   -0.114171
0.735   -0.110268
0.75   -0.105323
0.765   -0.0993965
0.78   -0.0925553
0.795   -0.0848741
0.81   -0.0764333
0.825   -0.0673185
0.84   -0.0576189
0.855   -0.0474267
0.87   -0.0368354
0.885   -0.0259396
0.9   -0.0148329
0.915   -0.00360777
0.93   0.00764557
0.945   0.0188402
0.96   0.029893
0.975   0.0407256
0.99   0.0512645
1.005   0.0614422
1.02   0.071197
1.035   0.0804738
1.05   0.0892239
1.065   0.0974056
1.08   0.104984
1.095   0.11193
1.11   0.118223
1.125   0.123847
1.14   0.128795
1.155   0.133062
1.17   0.136652
1.185   0.139573
1.2   0.141839
1.215   0.143466
1.23   0.144476
1.245   0.144895
1.26   0.144751
1.275   0.144074
1.29   0.142898
1.305   0.141257
1.32   0.139187
1.335   0.136725
1.35   0.133909
1.365   0.130775
1.38   0.127361
1.395   0.123704
1.41   0.119839
1.425   0.1158
1.44   0.111622
1.455   0.107336
1.47   0.102973
1.485   0.0985597
1.5   0.0941238
1.515   0.0896897
1.53   0.0852799
1.545   0.0809151
1.56   0.0766139
1.575   0.0723928
1.59   0.0682665
1.605   0.0642476
1.62   0.0603472
1.635   0.0565743
1.65   0.0529365
1.665   0.0494396
1.68   0.0460882
1.695   0.0428854
1.71   0.0398328
1.725   0.0369314
1.74   0.0341806
1.755   0.0315793
1.77   0.0291253
1.785   0.0268159
1.8   0.0246475
1.815   0.0226163
1.83   0.0207177
1.845   0.018947
1.86   0.0172991
1.875   0.0157688
1.89   0.0143505
1.905   0.0130388
1.92   0.011828
1.935   0.0107127
1.95   0.00968724
1.965   0.00874624
1.98   0.00788436
1.995   0.00709643
2.01   0.00637741
2.025   0.00572249
2.04   0.00512701
2.055   0.00458654
2.07   0.00409687
2.085   0.00365401
2.1   0.00325416
2.115   0.00289377
2.13   0.0025695
2.145   0.00227821
2.16   0.00201699
2.175   0.00178312
2.19   0.00157408
2.205   0.00138755
2.22   0.00122137
2.235   0.00107355
2.25   0.000942274
2.265   0.000825878
2.28   0.000722839
2.295   0.000631761
2.31   0.000551382
2.325   0.000480553
2.34   0.000418237
2.355   0.000363498
2.37   0.00031549
2.385   0.000273444
2.4   0.000236672
2.415   0.000204566
2.43   0.000176573
2.445   0.000152197
2.46   0.000131004
2.475   0.000112601
2.49   9.66497e-05
2.505   8.28452e-05
2.52   7.09172e-05
2.535   6.06244e-05
2.55   5.17517e-05
2.565   4.41271e-05
2.58   3.75816e-05
2.595   3.19626e-05
2.61   2.71487e-05
2.625   2.30277e-05
2.64   1.95013e-05
2.655   1.64962e-05
2.67   1.39371e-05
2.685   1.17609e-05
2.7   9.91152e-06
2.715   8.33722e-06
2.73   7.01098e-06
2.745   5.88776e-06
2.76   4.93624e-06
2.775   4.12888e-06
2.79   3.4446e-06
2.805   2.86994e-06
2.82   2.38347e-06
2.835   1.97059e-06
2.85   1.62033e-06
2.865   1.3249e-06
2.88   1.06881e-06
2.895   8.52017e-07
2.91   6.66769e-07
2.925   5.02166e-07
2.94   3.65261e-07
2.955   2.53388e-07
2.97   1.60738e-07
2.985   7.80103e-08
3   0
