# 17.4468

0   0
0.015   0.00780031
0.03   0.015687
0.045   0.0236299
0.06   0.0315984
0.075   0.039562
0.09   0.0474902
0.105   0.055353
0.12   0.0631204
0.135   0.0707636
0.15   0.0782542
0.165   0.0855648
0.18   0.0926694
0.195   0.0995429
0.21   0.106162
0.225   0.112504
0.24   0.118549
0.255   0.124278
0.27   0.129675
0.285   0.134724
0.3   0.139412
0.315   0.143727
0.33   0.147662
0.345   0.151207
0.36   0.154359
0.375   0.157115
0.39   0.159472
0.405   0.161431
0.42   0.162995
0.435   0.164169
0.45   0.164958
0.465   0.165369
0.48   0.165413
0.495   0.165099
0.51   0.164439
0.525   0.163448
0.54   0.162138
0.555   0.160525
0.57   0.158625
0.585   0.156455
0.6   0.154032
0.615   0.151374
0.63   0.1485
0.645   0.145427
0.66   0.142174
0.675   0.13876
0.69   0.135203
0.705   0.131521
0.72   0.127733
0.735   0.123856
0.75   0.119907
0.765   0.115902
0.78   0.111859
0.795   0.107791
0.81   0.103714
0.825   0.0996409
0.84   0.0955857
0.855   0.0915601
0.87   0.0875758
0.885   0.0836432
0.9   0.079772
0.915   0.0759711
0.93   0.0722484
0.945   0.068611
0.96   0.0650653
0.975   0.0616168
0.99   0.0582701
1.005   0.0550291
1.02   0.051897
1.035   0.0488764
1.05   0.0459691
1.065   0.0431762
1.08   0.0404984
1.095   0.0379358
1.11   0.035488
1.125   0.0331539
1.14   0.0309324
1.155   0.0288217
1.17   0.0268198
1.185   0.0249242
1.2   0.0231324
1.215   0.0214415
1.23   0.0198485
1.245   0.0183501
1.26   0.0169429
1.275   0.0156236
1.29   0.0143885
1.305   0.0132342
1.32   0.0121569
1.335   0.0111532
1.35   0.0102194
1.365   0.00935189
1.38   0.00854727
1.395   0.00780205
1.41   0.00711287
1.425   0.00647645
1.44   0.0058896
1.455   0.00534926
1.47   0.00485244
1.485   0.0043963
1.5   0.00397809
1.515   0.0035952
1.53   0.00324515
1.545   0.00292557
1.56   0.00263422
1.575   0.00236897
1.59   0.00212781
1.605   0.00190887
1.62   0.00171036
1.635   0.00153063
1.65   0.00136812
1.665   0.00122137
1.68   0.00108903
1.695   0.000969845
1.71   0.000862662
1.725   0.000766395
1.74   0.000680045
1.755   0.000602692
1.77   0.000533488
1.785   0.000471658
1.8   0.000416488
1.815   0.000367327
1.83   0.000323584
1.845   0.000284713
1.86   0.000250221
1.875   0.000219642
1.89   0.000192572
1.905   0.000168637
1.92   0.000147499
1.935   0.000128861
1.95   0.00011244
1.965   9.79965e-05
1.98   8.53009e-05
1.995   7.41704e-05
2.01   6.44125e-05
2.025   5.58695e-05
2.04   4.84012e-05
2.055   4.18761e-05
2.07   3.61888e-05
2.085   3.1237e-05
2.1   2.69271e-05
2.115   2.31873e-05
2.13   1.99464e-05
2.145   1.71423e-05
2.16   1.471e-05
2.175   1.26084e-05
2.19   1.07941e-05
2.205   9.23293e-06
2.22   7.89687e-06
2.235   6.74221e-06
2.25   5.75039e-06
2.265   4.88737e-06
2.28   4.15121e-06
2.295   3.51982e-06
2.31   2.99086e-06
2.325   2.53362e-06
2.34   2.14194e-06
2.355   1.81052e-06
2.37   1.53402e-06
2.385   1.29418e-06
2.4   1.09137e-06
2.415   9.18196e-07
2.43   7.75518e-07
2.445   6.59925e-07
2.46   5.59515e-07
2.475   4.63817e-07
2.49   3.8986e-07
2.505   3.32746e-07
2.52   2.75548e-07
2.535   2.21497e-07
2.55   1.73489e-07
2.565   1.32391e-07
2.58   9.8522e-08
2.595   7.63459e-08
2.61   6.36929e-08
2.625   5.18293e-08
2.64   4.5157e-08
2.655   3.99973e-08
2.67   3.40641e-08
2.685   3.20447e-08
2.7   2.97418e-08
2.715   2.63618e-08
2.73   2.56012e-08
2.745   2.46743e-08
2.76   2.61493e-08
2.775   2.10703e-08
2.79   1.81347e-08
2.805   2.06005e-08
2.82   2.19192e-08
2.835   1.69357e-08
2.85   8.17611e-09
2.865   1.02615e-08
2.88   1.37028e-08
2.895   1.93504e-08
2.91   2.30275e-08
2.925   2.18472e-08
2.94   2.01663e-08
2.955   1.85456e-08
2.97   1.30073e-08
2.985   2.22016e-09
3   0
