# 7.90874

0   0
0.025   -0.00551609
0.05   -0.0111428
0.075   -0.0168538
0.1   -0.022622
0.125   -0.0284199
0.15   -0.0342196
0.175   -0.0399933
0.2   -0.0457129
0.225   -0.0513505
0.25   -0.0568786
0.275   -0.0622699
0.3   -0.0674979
0.325   -0.0725366
0.35   -0.0773611
0.375   -0.0819473
0.4   -0.0862722
0.425   -0.0903141
0.45   -0.0940526
0.475   -0.0974688
0.5   -0.100545
0.525   -0.103266
0.55   -0.105617
0.575   -0.107586
0.6   -0.109162
0.625   -0.110337
0.65   -0.111104
0.675   -0.111458
0.7   -0.111396
0.725   -0.110917
0.75   -0.110022
0.775   -0.108713
0.8   -0.106995
0.825   -0.104875
0.85   -0.102361
0.875   -0.0994616
0.9   -0.0961896
0.925   -0.0925576
0.95   -0.0885801
0.975   -0.0842731
1   -0.0796536
1.025   -0.0747399
1.05   -0.0695514
1.075   -0.0641085
1.1   -0.0584322
1.125   -0.0525445
1.15   -0.0464678
1.175   -0.0402251
1.2   -0.0338397
1.225   -0.0273351
1.25   -0.020735
1.275   -0.014063
1.3   -0.00734267
1.325   -0.000597332
1.35   0.00615002
1.375   0.0128768
1.4   0.019561
1.425   0.0261812
1.45   0.0327167
1.475   0.0391476
1.5   0.0454548
1.525   0.0516202
1.55   0.0576266
1.575   0.0634579
1.6   0.0690991
1.625   0.0745363
1.65   0.0797568
1.675   0.084749
1.7   0.0895025
1.725   0.0940081
1.75   0.098258
1.775   0.102245
1.8   0.105965
1.825   0.109412
1.85   0.112583
1.875   0.115476
1.9   0.118092
1.925   0.120428
1.95   0.122488
1.975   0.124272
2   0.125784
2.025   0.127029
2.05   0.12801
2.075   0.128733
2.1   0.129206
2.125   0.129434
2.15   0.129426
2.175   0.12919
2.2   0.128735
2.225   0.128069
2.25   0.127202
2.275   0.126144
2.3   0.124906
2.325   0.123497
2.35   0.121928
2.375   0.120209
2.4   0.118352
2.425   0.116367
2.45   0.114264
2.475   0.112054
2.5   0.109748
2.525   0.107355
2.55   0.104886
2.575   0.10235
2.6   0.099758
2.625   0.097118
2.65   0.0944393
2.675   0.0917305
2.7   0.0889999
2.725   0.0862556
2.75   0.083505
2.775   0.0807553
2.8   0.0780133
2.825   0.0752853
2.85   0.0725774
2.875   0.069895
2.9   0.0672435
2.925   0.0646275
2.95   0.0620514
2.975   0.0595193
3   0.0570347
3.025   0.0546009
3.05   0.0522208
3.075   0.0498968
3.1   0.0476313
3.125   0.0454259
3.15   0.0432824
3.175   0.041202
3.2   0.0391856
3.225   0.037234
3.25   0.0353476
3.275   0.0335266
3.3   0.031771
3.325   0.0300807
3.35   0.0284551
3.375   0.0268938
3.4   0.025396
3.425   0.0239609
3.45   0.0225873
3.475   0.0212742
3.5   0.0200204
3.525   0.0188244
3.55   0.0176849
3.575   0.0166004
3.6   0.0155694
3.625   0.0145901
3.65   0.0136611
3.675   0.0127807
3.7   0.0119472
3.725   0.0111588
3.75   0.0104139
3.775   0.00971081
3.8   0.00904781
3.825   0.00842323
3.85   0.00783544
3.875   0.00728278
3.9   0.00676364
3.925   0.00627645
3.95   0.00581968
3.975   0.00539183
4   0.00499142
4.025   0.00461704
4.05   0.00426732
4.075   0.00394093
4.1   0.00363653
4.125   0.00335293
4.15   0.00308894
4.175   0.0028434
4.2   0.00261518
4.225   0.00240325
4.25   0.00220663
4.275   0.00202432
4.3   0.00185542
4.325   0.00169905
4.35   0.00155436
4.375   0.0014206
4.4   0.00129701
4.425   0.00118288
4.45   0.00107754
4.475   0.00098035
4.5   0.000890726
4.525   0.000808094
4.55   0.000731906
4.575   0.000661666
4.6   0.000596914
4.625   0.000537202
4.65   0.000482076
4.675   0.000431155
4.7   0.000384068
4.725   0.000340433
4.75   0.000299893
4.775   0.000262146
4.8   0.000226892
4.825   0.000193824
4.85   0.000162652
4.875   0.000133091
4.9   0.000104857
4.925   7.76915e-05
4.95   5.134e-05
4.975   2.55302e-05
5   0
