# 0.177937

0.3   0.000864656
0.6   0.00197143
0.9   0.00334636
1.2   0.00499793
1.5   0.00694378
1.8   0.00919455
2.1   0.0117556
2.4   0.0146336
2.7   0.0178273
3   0.0213301
3.3   0.0251333
3.6   0.0292205
3.9   0.0335745
4.2   0.0381692
4.5   0.0429751
4.8   0.0479601
5.1   0.0530869
5.4   0.058316
5.7   0.0635966
6   0.0688836
6.3   0.0741186
6.6   0.0792536
6.9   0.0842315
7.2   0.0889962
7.5   0.0934899
7.8   0.0976556
8.1   0.101433
8.4   0.104775
8.7   0.107622
9   0.109933
9.3   0.111664
9.6   0.112777
9.9   0.113237
10.2   0.113015
10.5   0.112087
10.8   0.110438
11.1   0.108054
11.4   0.104933
11.7   0.101083
12   0.0965182
12.3   0.0912587
12.6   0.0853262
12.9   0.078757
13.2   0.071593
13.5   0.0638878
13.8   0.0556904
14.1   0.0470598
14.4   0.0380592
14.7   0.0287619
15   0.0192384
15.3   0.00955953
15.6   -0.000200917
15.9   -0.00996345
16.2   -0.0196474
16.5   -0.0291666
16.8   -0.0384523
17.1   -0.0474233
17.4   -0.0560114
17.7   -0.0641464
18   -0.0717587
18.3   -0.0787913
18.6   -0.0851881
18.9   -0.0908992
19.2   -0.09588
19.5   -0.10009
19.8   -0.103501
20.1   -0.10609
20.4   -0.107844
20.7   -0.108748
21   -0.1088
21.3   -0.108006
21.6   -0.106379
21.9   -0.103941
22.2   -0.100714
22.5   -0.0967313
22.8   -0.092028
23.1   -0.0866445
23.4   -0.0806284
23.7   -0.0740261
24   -0.0668914
24.3   -0.0592812
24.6   -0.0512519
24.9   -0.0428691
25.2   -0.0341941
25.5   -0.025287
25.8   -0.0162132
26.1   -0.00703831
26.4   0.00217978
26.7   0.0113817
27   0.020511
27.3   0.0295138
27.6   0.0383366
27.9   0.0469319
28.2   0.0552546
28.5   0.0632628
28.8   0.0709189
29.1   0.0781919
29.4   0.0850549
29.7   0.0914796
30   0.0974442
30.3   0.102931
30.6   0.107926
30.9   0.112422
31.2   0.116416
31.5   0.1199
31.8   0.122878
32.1   0.125355
32.4   0.127337
32.7   0.128833
33   0.129856
33.3   0.130425
33.6   0.130562
33.9   0.130285
34.2   0.129617
34.5   0.128579
34.8   0.127195
35.1   0.12549
35.4   0.12349
35.7   0.121218
36   0.118701
36.3   0.115966
36.6   0.113038
36.9   0.109941
37.2   0.106697
37.5   0.10333
37.8   0.0998629
38.1   0.0963163
38.4   0.0927132
38.7   0.0890709
39   0.0854092
39.3   0.0817458
39.6   0.0780893
39.9   0.0744626
40.2   0.0708761
40.5   0.0673443
40.8   0.0638817
41.1   0.0604944
41.4   0.0571911
41.7   0.0539847
42   0.0508762
42.3   0.0478688
42.6   0.0449676
42.9   0.0421745
43.2   0.0394959
43.5   0.0369359
43.8   0.0344887
44.1   0.0321548
44.4   0.0299372
44.7   0.0278308
45   0.0258402
45.3   0.0239607
45.6   0.0221877
45.9   0.0205178
46.2   0.0189515
46.5   0.01748
46.8   0.0161005
47.1   0.0148062
47.4   0.0135958
47.7   0.0124646
48   0.0114141
48.3   0.0104361
48.6   0.00952682
48.9   0.0086845
49.2   0.00790537
49.5   0.00718704
49.8   0.00652806
50.1   0.00591902
50.4   0.00535626
50.7   0.00483994
51   0.00436673
51.3   0.00393757
51.6   0.00354562
51.9   0.00318846
52.2   0.00286278
52.5   0.00257076
52.8   0.00230238
53.1   0.00205905
53.4   0.00183749
53.7   0.00163712
54   0.00145654
54.3   0.00129076
54.6   0.00113518
54.9   0.000994242
55.2   0.000865136
55.5   0.000748559
55.8   0.000643907
56.1   0.000553662
56.4   0.000476016
56.7   0.000405442
57   0.000345273
57.3   0.000289347
57.6   0.000238982
57.9   0.000195829
58.2   0.000157153
58.5   0.000122418
58.8   9.49557e-05
59.1   6.83029e-05
59.4   4.4566e-05
59.7   2.31457e-05
60   0
