# interact = 1 wr = 5
# N = 200 pmax = 3 conv = 0.001
# lambda_1 = 37.0631

0   0
0.015   -0.0100217
0.03   -0.0201101
0.045   -0.0301818
0.06   -0.040153
0.075   -0.0499408
0.09   -0.0594635
0.105   -0.0686416
0.12   -0.0773988
0.135   -0.0856618
0.15   -0.0933621
0.165   -0.100436
0.18   -0.106824
0.195   -0.112475
0.21   -0.117341
0.225   -0.121384
0.24   -0.12457
0.255   -0.126875
0.27   -0.12828
0.285   -0.128775
0.3   -0.128356
0.315   -0.127028
0.33   -0.124803
0.345   -0.121698
0.36   -0.11774
0.375   -0.112959
0.39   -0.107393
0.405   -0.101085
0.42   -0.094084
0.435   -0.086442
0.45   -0.0782158
0.465   -0.0694656
0.48   -0.0602542
0.495   -0.0506467
0.51   -0.0407096
0.525   -0.0305106
0.54   -0.0201175
0.555   -0.00959798
0.57   0.000981012
0.585   0.011554
0.6   0.0220573
0.615   0.0324297
0.63   0.0426124
0.645   0.0525501
0.66   0.0621909
0.675   0.0714867
0.69   0.0803934
0.705   0.0888712
0.72   0.0968847
0.735   0.104403
0.75   0.1114
0.765   0.117854
0.78   0.123747
0.795   0.129068
0.81   0.133808
0.825   0.137963
0.84   0.141534
0.855   0.144523
0.87   0.14694
0.885   0.148796
0.9   0.150103
0.915   0.150881
0.93   0.151147
0.945   0.150926
0.96   0.150239
0.975   0.149114
0.99   0.147577
1.005   0.145657
1.02   0.143382
1.035   0.140782
1.05   0.137887
1.065   0.134727
1.08   0.131332
1.095   0.12773
1.11   0.123951
1.125   0.120022
1.14   0.115971
1.155   0.111823
1.17   0.107604
1.185   0.103337
1.2   0.0990433
1.215   0.094745
1.23   0.0904609
1.245   0.0862088
1.26   0.0820049
1.275   0.0778642
1.29   0.0738
1.305   0.0698239
1.32   0.0659466
1.335   0.0621768
1.35   0.0585224
1.365   0.0549896
1.38   0.0515836
1.395   0.0483085
1.41   0.045167
1.425   0.0421613
1.44   0.0392922
1.455   0.0365599
1.47   0.0339637
1.485   0.0315023
1.5   0.0291737
1.515   0.0269755
1.53   0.0249046
1.545   0.0229576
1.56   0.0211307
1.575   0.01942
1.59   0.017821
1.605   0.0163294
1.62   0.0149405
1.635   0.0136497
1.65   0.0124521
1.665   0.0113432
1.68   0.010318
1.695   0.00937197
1.71   0.00850049
1.725   0.00769906
1.74   0.00696329
1.755   0.00628895
1.77   0.00567192
1.785   0.00510827
1.8   0.0045942
1.815   0.00412612
1.83   0.00370061
1.845   0.0033144
1.86   0.00296442
1.875   0.00264776
1.89   0.00236169
1.905   0.00210367
1.92   0.0018713
1.935   0.00166234
1.95   0.00147473
1.965   0.00130653
1.98   0.00115597
1.995   0.00102139
2.01   0.000901277
2.025   0.000794234
2.04   0.000698982
2.055   0.000614344
2.07   0.00053924
2.085   0.000472702
2.1   0.000413834
2.115   0.000361824
2.13   0.000315942
2.145   0.000275521
2.16   0.000239963
2.175   0.000208721
2.19   0.000181316
2.205   0.00015731
2.22   0.000136309
2.235   0.000117961
2.25   0.000101951
2.265   8.79996e-05
2.28   7.58566e-05
2.295   6.53071e-05
2.31   5.61564e-05
2.325   4.82283e-05
2.34   4.13645e-05
2.355   3.54309e-05
2.37   3.03045e-05
2.385   2.58833e-05
2.4   2.20826e-05
2.415   1.88147e-05
2.43   1.60014e-05
2.445   1.35881e-05
2.46   1.15205e-05
2.475   9.75281e-06
2.49   8.25359e-06
2.505   6.97408e-06
2.52   5.88104e-06
2.535   4.95412e-06
2.55   4.16922e-06
2.565   3.50635e-06
2.58   2.94659e-06
2.595   2.47193e-06
2.61   2.07049e-06
2.625   1.73354e-06
2.64   1.4527e-06
2.655   1.2225e-06
2.67   1.03114e-06
2.685   8.69412e-07
2.7   7.36428e-07
2.715   6.25966e-07
2.73   5.29742e-07
2.745   4.52798e-07
2.76   3.89955e-07
2.775   3.37725e-07
2.79   2.97323e-07
2.805   2.64566e-07
2.82   2.3337e-07
2.835   2.01565e-07
2.85   1.80081e-07
2.865   1.62937e-07
2.88   1.44089e-07
2.895   1.26287e-07
2.91   1.04964e-07
2.925   8.08661e-08
2.94   6.10647e-08
2.955   4.50082e-08
2.97   3.02086e-08
2.985   1.64438e-08
3   0
