# interact = 1 wr = 0.05
# N = 200 pmax = 20 conv = 0.001
# lambda_1 = 0.532538

0.1   -0.00166026
0.2   -0.00347772
0.3   -0.00545064
0.4   -0.00757639
0.5   -0.00985098
0.6   -0.0122703
0.7   -0.0148289
0.8   -0.0175206
0.9   -0.0203386
1   -0.0232751
1.1   -0.0263211
1.2   -0.0294668
1.3   -0.0327024
1.4   -0.0360166
1.5   -0.0393981
1.6   -0.0428348
1.7   -0.0463136
1.8   -0.0498214
1.9   -0.0533448
2   -0.0568698
2.1   -0.0603821
2.2   -0.0638674
2.3   -0.0673105
2.4   -0.0706967
2.5   -0.0740115
2.6   -0.07724
2.7   -0.0803673
2.8   -0.0833792
2.9   -0.0862609
3   -0.0889988
3.1   -0.0915798
3.2   -0.0939912
3.3   -0.0962197
3.4   -0.0982539
3.5   -0.100082
3.6   -0.101694
3.7   -0.103079
3.8   -0.10423
3.9   -0.105138
4   -0.105795
4.1   -0.106195
4.2   -0.106333
4.3   -0.106206
4.4   -0.105809
4.5   -0.10514
4.6   -0.104199
4.7   -0.102984
4.8   -0.101497
4.9   -0.0997395
5   -0.0977144
5.1   -0.0954251
5.2   -0.0928771
5.3   -0.0900755
5.4   -0.0870274
5.5   -0.0837406
5.6   -0.0802236
5.7   -0.0764854
5.8   -0.072536
5.9   -0.0683865
6   -0.064048
6.1   -0.0595327
6.2   -0.0548534
6.3   -0.0500226
6.4   -0.0450541
6.5   -0.039962
6.6   -0.0347612
6.7   -0.0294659
6.8   -0.0240908
6.9   -0.0186507
7   -0.0131603
7.1   -0.00763476
7.2   -0.00208896
7.3   0.00346213
7.4   0.00900418
7.5   0.014523
7.6   0.0200051
7.7   0.0254356
7.8   0.0308014
7.9   0.0360894
8   0.0412873
8.1   0.0463829
8.2   0.0513651
8.3   0.0562228
8.4   0.0609454
8.5   0.0655237
8.6   0.0699486
8.7   0.0742117
8.8   0.0783054
8.9   0.0822224
9   0.0859566
9.1   0.0895024
9.2   0.0928554
9.3   0.096011
9.4   0.0989659
9.5   0.101717
9.6   0.104264
9.7   0.106604
9.8   0.108737
9.9   0.110663
10   0.112383
10.1   0.113898
10.2   0.115209
10.3   0.116319
10.4   0.117231
10.5   0.117949
10.6   0.118476
10.7   0.118816
10.8   0.118974
10.9   0.118956
11   0.118766
11.1   0.118411
11.2   0.117897
11.3   0.117231
11.4   0.116417
11.5   0.115464
11.6   0.114377
11.7   0.113165
11.8   0.111834
11.9   0.110392
12   0.108846
12.1   0.107202
12.2   0.105468
12.3   0.103652
12.4   0.10176
12.5   0.0998
12.6   0.0977777
12.7   0.0957001
12.8   0.0935741
12.9   0.0914062
13   0.0892024
13.1   0.0869691
13.2   0.0847121
13.3   0.0824371
13.4   0.0801497
13.5   0.0778556
13.6   0.0755592
13.7   0.0732648
13.8   0.0709777
13.9   0.0687021
14   0.066442
14.1   0.0642014
14.2   0.0619837
14.3   0.0597919
14.4   0.0576293
14.5   0.0554988
14.6   0.0534031
14.7   0.0513446
14.8   0.0493249
14.9   0.0473457
15   0.0454089
15.1   0.043516
15.2   0.0416683
15.3   0.0398666
15.4   0.0381123
15.5   0.0364055
15.6   0.0347473
15.7   0.0331378
15.8   0.0315776
15.9   0.030066
16   0.0286034
16.1   0.0271897
16.2   0.0258244
16.3   0.0245068
16.4   0.0232369
16.5   0.0220137
16.6   0.0208365
16.7   0.0197047
16.8   0.0186177
16.9   0.017574
17   0.0165726
17.1   0.0156127
17.2   0.0146928
17.3   0.0138117
17.4   0.0129684
17.5   0.0121616
17.6   0.0113901
17.7   0.0106527
17.8   0.00994796
17.9   0.00927475
18   0.00863183
18.1   0.00801804
18.2   0.00743156
18.3   0.00687152
18.4   0.00633631
18.5   0.00582426
18.6   0.00533398
18.7   0.00486447
18.8   0.00441435
18.9   0.00398199
19   0.0035662
19.1   0.00316577
19.2   0.00277871
19.3   0.00240406
19.4   0.00204029
19.5   0.00168609
19.6   0.00133933
19.7   0.000999122
19.8   0.000663454
19.9   0.000330902
20   0
