# 0.141499

0.3   0.000529464
0.6   0.00120916
0.9   0.00205363
1.2   0.0030777
1.5   0.00430107
1.8   0.00572853
2.1   0.00737561
2.4   0.00924111
2.7   0.0113349
3   0.0136622
3.3   0.0162267
3.6   0.0190298
3.9   0.0220677
4.2   0.0253331
4.5   0.0288266
4.8   0.0325334
5.1   0.0364467
5.4   0.0405467
5.7   0.0448171
6   0.049236
6.3   0.0537838
6.6   0.0584317
6.9   0.0631505
7.2   0.0679155
7.5   0.0726988
7.8   0.0774693
8.1   0.0821975
8.4   0.0868361
8.7   0.0913521
9   0.0957096
9.3   0.0998765
9.6   0.103817
9.9   0.1075
10.2   0.110885
10.5   0.113939
10.8   0.116632
11.1   0.118933
11.4   0.120813
11.7   0.122247
12   0.123215
12.3   0.123698
12.6   0.12368
12.9   0.12315
13.2   0.122097
13.5   0.120514
13.8   0.118399
14.1   0.115758
14.4   0.112585
14.7   0.108889
15   0.104686
15.3   0.0999893
15.6   0.0948152
15.9   0.0891884
16.2   0.083134
16.5   0.0766784
16.8   0.0698539
17.1   0.0626929
17.4   0.0552268
17.7   0.0474968
18   0.0395383
18.3   0.0313868
18.6   0.0230891
18.9   0.0146738
19.2   0.00618957
19.5   -0.00232272
19.8   -0.0108206
20.1   -0.0192673
20.4   -0.0276242
20.7   -0.0358549
21   -0.0439203
21.3   -0.0517903
21.6   -0.0594309
21.9   -0.0668146
22.2   -0.0739093
22.5   -0.0806926
22.8   -0.0871374
23.1   -0.0932247
23.4   -0.0989335
23.7   -0.104246
24   -0.109156
24.3   -0.113651
24.6   -0.117723
24.9   -0.121365
25.2   -0.124578
25.5   -0.127359
25.8   -0.129713
26.1   -0.131644
26.4   -0.133161
26.7   -0.134273
27   -0.134992
27.3   -0.135327
27.6   -0.135293
27.9   -0.134901
28.2   -0.134169
28.5   -0.13312
28.8   -0.131773
29.1   -0.13014
29.4   -0.128241
29.7   -0.126098
30   -0.123734
30.3   -0.121169
30.6   -0.118424
30.9   -0.115517
31.2   -0.112465
31.5   -0.109289
31.8   -0.106009
32.1   -0.102645
32.4   -0.0992118
32.7   -0.0957288
33   -0.0922136
33.3   -0.0886818
33.6   -0.0851446
33.9   -0.0816149
34.2   -0.0781075
34.5   -0.0746347
34.8   -0.0712078
35.1   -0.0678336
35.4   -0.0645227
35.7   -0.0612791
36   -0.058107
36.3   -0.055017
36.6   -0.0520142
36.9   -0.0491039
37.2   -0.0462927
37.5   -0.043584
37.8   -0.0409766
38.1   -0.0384743
38.4   -0.0360776
38.7   -0.0337811
39   -0.0315883
39.3   -0.0294987
39.6   -0.0275091
39.9   -0.0256202
40.2   -0.0238317
40.5   -0.0221387
40.8   -0.0205369
41.1   -0.0190266
41.4   -0.0176031
41.7   -0.0162672
42   -0.0150117
42.3   -0.0138366
42.6   -0.0127395
42.9   -0.0117123
43.2   -0.0107545
43.5   -0.00986133
43.8   -0.00903014
44.1   -0.00826376
44.4   -0.00755124
44.7   -0.00689267
45   -0.00628577
45.3   -0.00572543
45.6   -0.00520681
45.9   -0.00472934
46.2   -0.00429356
46.5   -0.00389052
46.8   -0.00352308
47.1   -0.00318958
47.4   -0.00288248
47.7   -0.00259745
48   -0.00233787
48.3   -0.00210119
48.6   -0.00188849
48.9   -0.00169482
49.2   -0.00151861
49.5   -0.0013584
49.8   -0.00121275
50.1   -0.00108372
50.4   -0.00097038
50.7   -0.000872017
51   -0.000781494
51.3   -0.000698361
51.6   -0.000621354
51.9   -0.00055205
52.2   -0.000488567
52.5   -0.000428574
52.8   -0.00037541
53.1   -0.000332352
53.4   -0.000294016
53.7   -0.00026317
54   -0.000234977
54.3   -0.000207638
54.6   -0.000179506
54.9   -0.000152419
55.2   -0.000129758
55.5   -0.000108686
55.8   -9.1479e-05
56.1   -7.45656e-05
56.4   -6.55337e-05
56.7   -6.09886e-05
57   -5.43191e-05
57.3   -4.70452e-05
57.6   -4.07047e-05
57.9   -3.69392e-05
58.2   -3.39625e-05
58.5   -2.84547e-05
58.8   -2.47285e-05
59.1   -1.88846e-05
59.4   -1.14082e-05
59.7   -5.36009e-06
60   0
