# interact = 1 wr = 0.01
# N = 200 pmax = 60 conv = 0.001
# lamda_0 = 0.105773
0   0
0.3   0.000247847
0.6   0.00056852
0.9   0.000968556
1.2   0.00145678
1.5   0.00204344
1.8   0.00273174
2.1   0.00353315
2.4   0.00445057
2.7   0.00549272
3   0.00666841
3.3   0.00797935
3.6   0.00943032
3.9   0.0110264
4.2   0.0127713
4.5   0.0146679
4.8   0.016719
5.1   0.0189274
5.4   0.0212981
5.7   0.0238233
6   0.0265075
6.3   0.029344
6.6   0.0323304
6.9   0.0354675
7.2   0.0387444
7.5   0.0421545
7.8   0.0456888
8.1   0.0493383
8.4   0.0530985
8.7   0.0569519
9   0.0608957
9.3   0.0649148
9.6   0.0689935
9.9   0.0731196
10.2   0.0772782
10.5   0.0814581
10.8   0.0856442
11.1   0.0898175
11.4   0.093964
11.7   0.098068
12   0.102115
12.3   0.106091
12.6   0.109973
12.9   0.113752
13.2   0.117413
13.5   0.120941
13.8   0.124323
14.1   0.127547
14.4   0.130596
14.7   0.133464
15   0.136137
15.3   0.138609
15.6   0.140871
15.9   0.142912
16.2   0.144724
16.5   0.1463
16.8   0.147641
17.1   0.148745
17.4   0.149606
17.7   0.150226
18   0.150603
18.3   0.150737
18.6   0.150632
18.9   0.150292
19.2   0.14972
19.5   0.148921
19.8   0.147899
20.1   0.146665
20.4   0.14522
20.7   0.143579
21   0.141755
21.3   0.13975
21.6   0.137578
21.9   0.135248
22.2   0.132771
22.5   0.130157
22.8   0.127417
23.1   0.124565
23.4   0.12161
23.7   0.11856
24   0.115432
24.3   0.112234
24.6   0.108982
24.9   0.105683
25.2   0.102348
25.5   0.0989888
25.8   0.095619
26.1   0.0922429
26.4   0.0888705
26.7   0.0855138
27   0.0821791
27.3   0.078874
27.6   0.0756066
27.9   0.0723839
28.2   0.0692113
28.5   0.0660925
28.8   0.0630369
29.1   0.0600484
29.4   0.057133
29.7   0.054297
30   0.0515407
30.3   0.0488635
30.6   0.0462703
30.9   0.0437677
31.2   0.041354
31.5   0.0390255
31.8   0.036784
32.1   0.0346314
32.4   0.0325628
32.7   0.0305809
33   0.0286854
33.3   0.0268797
33.6   0.0251605
33.9   0.0235208
34.2   0.0219625
34.5   0.0204865
34.8   0.0190906
35.1   0.0177703
35.4   0.0165204
35.7   0.0153425
36   0.0142306
36.3   0.013185
36.6   0.0122007
36.9   0.0112747
37.2   0.0104063
37.5   0.0095958
37.8   0.00883982
38.1   0.00813199
38.4   0.00747186
38.7   0.00686139
39   0.00629291
39.3   0.00576513
39.6   0.00527604
39.9   0.00482737
40.2   0.00441112
40.5   0.00402112
40.8   0.00366183
41.1   0.00333067
41.4   0.003027
41.7   0.00274791
42   0.00249045
42.3   0.00225647
42.6   0.00204157
42.9   0.00184576
43.2   0.00166648
43.5   0.00150534
43.8   0.00135881
44.1   0.00122717
44.4   0.00110481
44.7   0.00099464
45   0.00089287
45.3   0.00080526
45.6   0.000726226
45.9   0.000653938
46.2   0.000586316
46.5   0.000528636
46.8   0.000475405
47.1   0.00042776
47.4   0.000381814
47.7   0.000344255
48   0.000308331
48.3   0.000275805
48.6   0.000245605
48.9   0.000221133
49.2   0.000194827
49.5   0.00017133
49.8   0.000150092
50.1   0.000131695
50.4   0.000115264
50.7   9.99872e-05
51   8.58192e-05
51.3   7.2056e-05
51.6   6.02041e-05
51.9   5.23543e-05
52.2   4.46917e-05
52.5   3.47963e-05
52.8   2.46952e-05
53.1   1.05299e-05
53.4   4.16255e-06
53.7   -3.25664e-06
54   -8.18315e-06
54.3   -1.13883e-05
54.6   -1.3594e-05
54.9   -1.36822e-05
55.2   -1.33604e-05
55.5   -1.08186e-05
55.8   -5.09987e-06
56.1   -2.92335e-06
56.4   -2.06018e-06
56.7   -2.99512e-06
57   -6.77325e-06
57.3   -9.39927e-06
57.6   -9.54197e-06
57.9   -9.93685e-06
58.2   -1.06973e-05
58.5   -1.21648e-05
58.8   -1.01662e-05
59.1   -8.23167e-06
59.4   -6.99505e-06
59.7   -3.54702e-06
60   0
