# 4.05767

0   0
0.025   0.00406358
0.05   0.00821843
0.075   0.0124552
0.1   0.0167642
0.125   0.0211356
0.15   0.0255593
0.175   0.030025
0.2   0.0345224
0.225   0.039041
0.25   0.0435702
0.275   0.0480996
0.3   0.0526186
0.325   0.0571167
0.35   0.0615836
0.375   0.066009
0.4   0.0703827
0.425   0.0746951
0.45   0.0789362
0.475   0.0830968
0.5   0.0871678
0.525   0.0911402
0.55   0.0950057
0.575   0.0987563
0.6   0.102384
0.625   0.105882
0.65   0.109243
0.675   0.112461
0.7   0.11553
0.725   0.118444
0.75   0.121199
0.775   0.12379
0.8   0.126214
0.825   0.128467
0.85   0.130546
0.875   0.132448
0.9   0.134173
0.925   0.135719
0.95   0.137084
0.975   0.13827
1   0.139275
1.025   0.140102
1.05   0.140751
1.075   0.141223
1.1   0.141522
1.125   0.141649
1.15   0.141607
1.175   0.1414
1.2   0.141032
1.225   0.140507
1.25   0.139829
1.275   0.139003
1.3   0.138033
1.325   0.136926
1.35   0.135686
1.375   0.13432
1.4   0.132832
1.425   0.13123
1.45   0.129519
1.475   0.127706
1.5   0.125796
1.525   0.123797
1.55   0.121715
1.575   0.119556
1.6   0.117326
1.625   0.115032
1.65   0.112681
1.675   0.110278
1.7   0.107831
1.725   0.105344
1.75   0.102824
1.775   0.100277
1.8   0.0977081
1.825   0.0951234
1.85   0.0925281
1.875   0.0899273
1.9   0.087326
1.925   0.084729
1.95   0.0821409
1.975   0.079566
2   0.0770084
2.025   0.0744721
2.05   0.0719608
2.075   0.069478
2.1   0.0670268
2.125   0.0646104
2.15   0.0622314
2.175   0.0598925
2.2   0.057596
2.225   0.0553441
2.25   0.0531386
2.275   0.0509812
2.3   0.0488734
2.325   0.0468166
2.35   0.0448118
2.375   0.04286
2.4   0.0409618
2.425   0.0391178
2.45   0.0373286
2.475   0.0355942
2.5   0.0339148
2.525   0.0322904
2.55   0.0307207
2.575   0.0292055
2.6   0.0277444
2.625   0.0263368
2.65   0.0249822
2.675   0.0236797
2.7   0.0224286
2.725   0.021228
2.75   0.020077
2.775   0.0189744
2.8   0.0179194
2.825   0.0169107
2.85   0.0159472
2.875   0.0150277
2.9   0.014151
2.925   0.0133159
2.95   0.012521
2.975   0.0117651
3   0.011047
3.025   0.0103653
3.05   0.00971868
3.075   0.00910594
3.1   0.00852578
3.125   0.0079769
3.15   0.00745807
3.175   0.00696807
3.2   0.00650566
3.225   0.00606965
3.25   0.00565889
3.275   0.00527221
3.3   0.00490849
3.325   0.00456667
3.35   0.00424569
3.375   0.00394451
3.4   0.00366215
3.425   0.00339766
3.45   0.00315007
3.475   0.00291849
3.5   0.00270206
3.525   0.00249996
3.55   0.00231138
3.575   0.00213555
3.6   0.00197172
3.625   0.00181921
3.65   0.00167732
3.675   0.00154544
3.7   0.00142294
3.725   0.00130924
3.75   0.00120382
3.775   0.00110612
3.8   0.00101565
3.825   0.000931953
3.85   0.000854561
3.875   0.000783065
3.9   0.000717064
3.925   0.000656184
3.95   0.000600069
3.975   0.000548369
4   0.000500778
4.025   0.000457004
4.05   0.000416771
4.075   0.000379813
4.1   0.000345889
4.125   0.000314775
4.15   0.00028627
4.175   0.000260152
4.2   0.000236251
4.225   0.000214399
4.25   0.000194441
4.275   0.000176217
4.3   0.000159581
4.325   0.000144402
4.35   0.000130578
4.375   0.000117994
4.4   0.000106541
4.425   9.61079e-05
4.45   8.66074e-05
4.475   7.79676e-05
4.5   7.00996e-05
4.525   6.29479e-05
4.55   5.64656e-05
4.575   5.05723e-05
4.6   4.52002e-05
4.625   4.03139e-05
4.65   3.58599e-05
4.675   3.18111e-05
4.7   2.81223e-05
4.725   2.47672e-05
4.75   2.16881e-05
4.775   1.88573e-05
4.8   1.62457e-05
4.825   1.38146e-05
4.85   1.1534e-05
4.875   9.41855e-06
4.9   7.41604e-06
4.925   5.48621e-06
4.95   3.62041e-06
4.975   1.80167e-06
5   0
