# 0.720967

0.1   0.00231552
0.2   0.0048462
0.3   0.00758413
0.4   0.0105207
0.5   0.0136444
0.6   0.0169424
0.7   0.0204007
0.8   0.0240032
0.9   0.0277333
1   0.0315722
1.1   0.0354998
1.2   0.0394952
1.3   0.0435365
1.4   0.0476005
1.5   0.0516635
1.6   0.0557018
1.7   0.0596903
1.8   0.0636039
1.9   0.0674173
2   0.0711057
2.1   0.0746442
2.2   0.0780081
2.3   0.0811735
2.4   0.0841173
2.5   0.0868173
2.6   0.0892524
2.7   0.0914022
2.8   0.0932482
2.9   0.0947733
3   0.0959614
3.1   0.0967989
3.2   0.0972739
3.3   0.0973766
3.4   0.0970988
3.5   0.0964349
3.6   0.0953809
3.7   0.0939352
3.8   0.0920984
3.9   0.0898731
4   0.0872649
4.1   0.0842805
4.2   0.0809296
4.3   0.0772233
4.4   0.0731753
4.5   0.0688014
4.6   0.0641192
4.7   0.059148
4.8   0.0539091
4.9   0.0484248
5   0.0427195
5.1   0.0368182
5.2   0.0307478
5.3   0.0245356
5.4   0.0182102
5.5   0.0118001
5.6   0.00533545
5.7   -0.00115404
5.8   -0.00763814
5.9   -0.0140867
6   -0.02047
6.1   -0.0267582
6.2   -0.0329221
6.3   -0.0389339
6.4   -0.0447651
6.5   -0.0503896
6.6   -0.0557812
6.7   -0.0609159
6.8   -0.0657711
6.9   -0.0703247
7   -0.074557
7.1   -0.0784493
7.2   -0.0819853
7.3   -0.0851505
7.4   -0.0879316
7.5   -0.0903183
7.6   -0.0923016
7.7   -0.0938741
7.8   -0.0950306
7.9   -0.0957681
8   -0.0960861
8.1   -0.095985
8.2   -0.0954676
8.3   -0.0945389
8.4   -0.0932053
8.5   -0.0914754
8.6   -0.0893586
8.7   -0.0868668
8.8   -0.0840132
8.9   -0.0808121
9   -0.0772791
9.1   -0.0734314
9.2   -0.0692867
9.3   -0.0648647
9.4   -0.0601847
9.5   -0.0552674
9.6   -0.0501348
9.7   -0.0448084
9.8   -0.0393104
9.9   -0.0336636
10   -0.0278907
10.1   -0.0220148
10.2   -0.0160574
10.3   -0.0100418
10.4   -0.00399031
10.5   0.00207538
10.6   0.0081338
10.7   0.0141639
10.8   0.0201457
10.9   0.0260593
11   0.0318867
11.1   0.0376095
11.2   0.043211
11.3   0.0486752
11.4   0.0539868
11.5   0.0591322
11.6   0.0640984
11.7   0.0688732
11.8   0.0734462
11.9   0.0778077
12   0.0819487
12.1   0.085862
12.2   0.0895414
12.3   0.0929817
12.4   0.0961788
12.5   0.0991297
12.6   0.101832
12.7   0.104286
12.8   0.106491
12.9   0.108447
13   0.110156
13.1   0.111621
13.2   0.112846
13.3   0.113834
13.4   0.11459
13.5   0.11512
13.6   0.11543
13.7   0.115527
13.8   0.115417
13.9   0.115108
14   0.114608
14.1   0.113925
14.2   0.113068
14.3   0.112045
14.4   0.110866
14.5   0.109539
14.6   0.108074
14.7   0.106479
14.8   0.104765
14.9   0.102939
15   0.101012
15.1   0.098992
15.2   0.0968882
15.3   0.0947091
15.4   0.0924633
15.5   0.0901589
15.6   0.0878045
15.7   0.0854078
15.8   0.0829762
15.9   0.080517
16   0.0780368
16.1   0.0755424
16.2   0.0730397
16.3   0.0705344
16.4   0.0680325
16.5   0.065539
16.6   0.0630584
16.7   0.0605955
16.8   0.0581542
16.9   0.0557389
17   0.0533524
17.1   0.0509982
17.2   0.0486793
17.3   0.0463978
17.4   0.0441558
17.5   0.0419551
17.6   0.0397967
17.7   0.0376824
17.8   0.0356125
17.9   0.0335885
18   0.0316099
18.1   0.0296773
18.2   0.02779
18.3   0.0259479
18.4   0.0241498
18.5   0.0223952
18.6   0.0206828
18.7   0.0190111
18.8   0.0173787
18.9   0.0157839
19   0.0142246
19.1   0.0126984
19.2   0.0112032
19.3   0.00973631
19.4   0.00829484
19.5   0.00687615
19.6   0.00547683
19.7   0.00409329
19.8   0.00272202
19.9   0.00135894
20   0
