# 2.99922

0   0
0.05   0.0167828
0.1   0.03344
0.15   0.0498472
0.2   0.0658833
0.25   0.0814322
0.3   0.0963832
0.35   0.110633
0.4   0.124088
0.45   0.136661
0.5   0.14828
0.55   0.158879
0.6   0.168406
0.65   0.176823
0.7   0.184101
0.75   0.190224
0.8   0.195187
0.85   0.199
0.9   0.20168
0.95   0.203256
1   0.203767
1.05   0.203259
1.1   0.201788
1.15   0.199414
1.2   0.196204
1.25   0.192229
1.3   0.187564
1.35   0.182285
1.4   0.17647
1.45   0.170196
1.5   0.163541
1.55   0.156579
1.6   0.149384
1.65   0.142024
1.7   0.134567
1.75   0.127073
1.8   0.119598
1.85   0.112196
1.9   0.104912
1.95   0.0977889
2   0.090862
2.05   0.0841624
2.1   0.0777159
2.15   0.0715435
2.2   0.0656615
2.25   0.0600817
2.3   0.0548118
2.35   0.0498559
2.4   0.0452145
2.45   0.0408852
2.5   0.036863
2.55   0.0331402
2.6   0.0297078
2.65   0.0265546
2.7   0.0236684
2.75   0.0210361
2.8   0.0186438
2.85   0.0164771
2.9   0.0145215
2.95   0.0127622
3   0.0111848
3.05   0.00977532
3.1   0.00851978
3.15   0.00740499
3.2   0.00641844
3.25   0.00554818
3.3   0.00478283
3.35   0.00411183
3.4   0.00352535
3.45   0.00301434
3.5   0.00257044
3.55   0.00218607
3.6   0.00185422
3.65   0.00156859
3.7   0.0013234
3.75   0.00111353
3.8   0.000934479
3.85   0.000782124
3.9   0.000652844
3.95   0.00054358
4   0.000451359
4.05   0.000373774
4.1   0.000308726
4.15   0.000254268
4.2   0.000208788
4.25   0.000170976
4.3   0.000139578
4.35   0.000113614
4.4   9.21279e-05
4.45   7.4381e-05
4.5   5.9805e-05
4.55   4.78192e-05
4.6   3.80463e-05
4.65   3.00563e-05
4.7   2.34983e-05
4.75   1.79924e-05
4.8   1.33596e-05
4.85   9.3809e-06
4.9   5.94829e-06
4.95   2.83864e-06
5   0
